[((0, 0), 0), ((0, 1), 1), ((0, 2), 3), ((0, 3), 6), ((1, 0), 9), ((1, 1), 0), ((1, 2), 2), ((1, 3), 5), ((2, 0), 7), ((2, 1), 8), ((2, 2), 0), ((2, 3), 3), ((3, 0), 4), ((3, 1), 5), ((3, 2), 7), ((3, 3), 0)]
[((0, 0), 0), ((0, 1), '1'), ((0, 2), 3), ((0, 3), 6), ((1, 0), 9), ((1, 1), 0), ((1, 2), '2'), ((1, 3), 5), ((2, 0), 7), ((2, 1), 8), ((2, 2), 0), ((2, 3), '3'), ((3, 0), '4'), ((3, 1), 5), ((3, 2), 7), ((3, 3), 0)]
Bellman-Ford timing: 0.003266000000000005
Floyd-Warshall timing: 0.0003130000000000077

[((0, 0), 0), ((0, 1), 1), ((0, 2), 3), ((0, 3), 6), ((1, 0), 9), ((1, 1), 0), ((1, 2), 2), ((1, 3), 5), ((2, 0), 7), ((2, 1), 8), ((2, 2), 0), ((2, 3), 3), ((3, 0), 4), ((3, 1), 5), ((3, 2), 7), ((3, 3), 0)]
[((0, 0), 0), ((0, 1), '1'), ((0, 2), 3), ((0, 3), 6), ((1, 0), 9), ((1, 1), 0), ((1, 2), '2'), ((1, 3), 5), ((2, 0), 7), ((2, 1), 8), ((2, 2), 0), ((2, 3), '3'), ((3, 0), '4'), ((3, 1), 5), ((3, 2), 7), ((3, 3), 0)]
Bellman-Ford timing: 0.003250999999999997
Floyd-Warshall timing: 0.0004299999999999998

[((0, 0), 0), ((0, 1), 1), ((0, 2), 3), ((0, 3), 6), ((1, 0), 9), ((1, 1), 0), ((1, 2), 2), ((1, 3), 5), ((2, 0), 7), ((2, 1), 8), ((2, 2), 0), ((2, 3), 3), ((3, 0), 4), ((3, 1), 5), ((3, 2), 7), ((3, 3), 0)]
[((0, 0), 0), ((0, 1), '1'), ((0, 2), 3), ((0, 3), 6), ((1, 0), 9), ((1, 1), 0), ((1, 2), '2'), ((1, 3), 5), ((2, 0), 7), ((2, 1), 8), ((2, 2), 0), ((2, 3), '3'), ((3, 0), '4'), ((3, 1), 5), ((3, 2), 7), ((3, 3), 0)]
Bellman-Ford timing: 0.003381999999999996
Floyd-Warshall timing: 0.00031699999999999784

[((0, 0), 0), ((0, 1), 1), ((0, 2), 3), ((0, 3), 6), ((1, 0), 9), ((1, 1), 0), ((1, 2), 2), ((1, 3), 5), ((2, 0), 7), ((2, 1), 8), ((2, 2), 0), ((2, 3), 3), ((3, 0), 4), ((3, 1), 5), ((3, 2), 7), ((3, 3), 0)]
[((0, 0), 0), ((0, 1), '1'), ((0, 2), 3), ((0, 3), 6), ((1, 0), 9), ((1, 1), 0), ((1, 2), '2'), ((1, 3), 5), ((2, 0), 7), ((2, 1), 8), ((2, 2), 0), ((2, 3), '3'), ((3, 0), '4'), ((3, 1), 5), ((3, 2), 7), ((3, 3), 0)]
Bellman-Ford timing: 0.0038849999999999996
Floyd-Warshall timing: 0.00037600000000000133

[((0, 0), 0), ((0, 1), 1), ((0, 2), 3), ((0, 3), 6), ((1, 0), 9), ((1, 1), 0), ((1, 2), 2), ((1, 3), 5), ((2, 0), 7), ((2, 1), 8), ((2, 2), 0), ((2, 3), 3), ((3, 0), 4), ((3, 1), 5), ((3, 2), 7), ((3, 3), 0)]
[((0, 0), 0), ((0, 1), '1'), ((0, 2), 3), ((0, 3), 6), ((1, 0), 9), ((1, 1), 0), ((1, 2), '2'), ((1, 3), 5), ((2, 0), 7), ((2, 1), 8), ((2, 2), 0), ((2, 3), '3'), ((3, 0), '4'), ((3, 1), 5), ((3, 2), 7), ((3, 3), 0)]
Bellman-Ford timing: 0.0033330000000000026
Floyd-Warshall timing: 0.00031499999999999584

[((0, 0), 0), ((0, 1), 1), ((0, 2), 3), ((0, 3), 6), ((1, 0), 9), ((1, 1), 0), ((1, 2), 2), ((1, 3), 5), ((2, 0), 7), ((2, 1), 8), ((2, 2), 0), ((2, 3), 3), ((3, 0), 4), ((3, 1), 5), ((3, 2), 7), ((3, 3), 0)]
[((0, 0), 0), ((0, 1), '1'), ((0, 2), 3), ((0, 3), 6), ((1, 0), 9), ((1, 1), 0), ((1, 2), '2'), ((1, 3), 5), ((2, 0), 7), ((2, 1), 8), ((2, 2), 0), ((2, 3), '3'), ((3, 0), '4'), ((3, 1), 5), ((3, 2), 7), ((3, 3), 0)]
Bellman-Ford timing: 0.0035350000000000034
Floyd-Warshall timing: 0.0004569999999999991

[((0, 0), 0), ((0, 1), 1), ((0, 2), 3), ((0, 3), 6), ((1, 0), 9), ((1, 1), 0), ((1, 2), 2), ((1, 3), 5), ((2, 0), 7), ((2, 1), 8), ((2, 2), 0), ((2, 3), 3), ((3, 0), 4), ((3, 1), 5), ((3, 2), 7), ((3, 3), 0)]
[((0, 0), 0), ((0, 1), '1'), ((0, 2), 3), ((0, 3), 6), ((1, 0), 9), ((1, 1), 0), ((1, 2), '2'), ((1, 3), 5), ((2, 0), 7), ((2, 1), 8), ((2, 2), 0), ((2, 3), '3'), ((3, 0), '4'), ((3, 1), 5), ((3, 2), 7), ((3, 3), 0)]
Bellman-Ford timing: 0.0033190000000000025
Floyd-Warshall timing: 0.00037799999999998946

[((0, 0), 0), ((0, 1), 1), ((0, 2), 3), ((0, 3), 6), ((1, 0), 9), ((1, 1), 0), ((1, 2), 2), ((1, 3), 5), ((2, 0), 7), ((2, 1), 8), ((2, 2), 0), ((2, 3), 3), ((3, 0), 4), ((3, 1), 5), ((3, 2), 7), ((3, 3), 0)]
[((0, 0), 0), ((0, 1), '1'), ((0, 2), 3), ((0, 3), 6), ((1, 0), 9), ((1, 1), 0), ((1, 2), '2'), ((1, 3), 5), ((2, 0), 7), ((2, 1), 8), ((2, 2), 0), ((2, 3), '3'), ((3, 0), '4'), ((3, 1), 5), ((3, 2), 7), ((3, 3), 0)]
Bellman-Ford timing: 0.003694999999999997
Floyd-Warshall timing: 0.0004919999999999924

[((0, 0), 0), ((0, 1), 1), ((0, 2), 3), ((0, 3), 6), ((1, 0), 9), ((1, 1), 0), ((1, 2), 2), ((1, 3), 5), ((2, 0), 7), ((2, 1), 8), ((2, 2), 0), ((2, 3), 3), ((3, 0), 4), ((3, 1), 5), ((3, 2), 7), ((3, 3), 0)]
[((0, 0), 0), ((0, 1), '1'), ((0, 2), 3), ((0, 3), 6), ((1, 0), 9), ((1, 1), 0), ((1, 2), '2'), ((1, 3), 5), ((2, 0), 7), ((2, 1), 8), ((2, 2), 0), ((2, 3), '3'), ((3, 0), '4'), ((3, 1), 5), ((3, 2), 7), ((3, 3), 0)]
Bellman-Ford timing: 0.0034090000000000092
Floyd-Warshall timing: 0.00040200000000001346

[((0, 0), 0), ((0, 1), 1), ((0, 2), 3), ((0, 3), 6), ((1, 0), 9), ((1, 1), 0), ((1, 2), 2), ((1, 3), 5), ((2, 0), 7), ((2, 1), 8), ((2, 2), 0), ((2, 3), 3), ((3, 0), 4), ((3, 1), 5), ((3, 2), 7), ((3, 3), 0)]
[((0, 0), 0), ((0, 1), '1'), ((0, 2), 3), ((0, 3), 6), ((1, 0), 9), ((1, 1), 0), ((1, 2), '2'), ((1, 3), 5), ((2, 0), 7), ((2, 1), 8), ((2, 2), 0), ((2, 3), '3'), ((3, 0), '4'), ((3, 1), 5), ((3, 2), 7), ((3, 3), 0)]
Bellman-Ford timing: 0.0034070000000000072
Floyd-Warshall timing: 0.0004099999999999937

[((0, 0), 0), ((0, 1), 1), ((0, 2), 3), ((0, 3), 6), ((1, 0), 9), ((1, 1), 0), ((1, 2), 2), ((1, 3), 5), ((2, 0), 7), ((2, 1), 8), ((2, 2), 0), ((2, 3), 3), ((3, 0), 4), ((3, 1), 5), ((3, 2), 7), ((3, 3), 0)]
[((0, 0), 0), ((0, 1), '1'), ((0, 2), 3), ((0, 3), 6), ((1, 0), 9), ((1, 1), 0), ((1, 2), '2'), ((1, 3), 5), ((2, 0), 7), ((2, 1), 8), ((2, 2), 0), ((2, 3), '3'), ((3, 0), '4'), ((3, 1), 5), ((3, 2), 7), ((3, 3), 0)]
Bellman-Ford timing: 0.0033160000000000064
Floyd-Warshall timing: 0.0003140000000000087

[((0, 0), 0), ((0, 1), 1), ((0, 2), 3), ((0, 3), 6), ((1, 0), 9), ((1, 1), 0), ((1, 2), 2), ((1, 3), 5), ((2, 0), 7), ((2, 1), 8), ((2, 2), 0), ((2, 3), 3), ((3, 0), 4), ((3, 1), 5), ((3, 2), 7), ((3, 3), 0)]
[((0, 0), 0), ((0, 1), '1'), ((0, 2), 3), ((0, 3), 6), ((1, 0), 9), ((1, 1), 0), ((1, 2), '2'), ((1, 3), 5), ((2, 0), 7), ((2, 1), 8), ((2, 2), 0), ((2, 3), '3'), ((3, 0), '4'), ((3, 1), 5), ((3, 2), 7), ((3, 3), 0)]
Bellman-Ford timing: 0.0031990000000000074
Floyd-Warshall timing: 0.0003120000000000067

[((0, 0), 0), ((0, 1), 1), ((0, 2), 3), ((0, 3), 6), ((1, 0), 9), ((1, 1), 0), ((1, 2), 2), ((1, 3), 5), ((2, 0), 7), ((2, 1), 8), ((2, 2), 0), ((2, 3), 3), ((3, 0), 4), ((3, 1), 5), ((3, 2), 7), ((3, 3), 0)]
[((0, 0), 0), ((0, 1), '1'), ((0, 2), 3), ((0, 3), 6), ((1, 0), 9), ((1, 1), 0), ((1, 2), '2'), ((1, 3), 5), ((2, 0), 7), ((2, 1), 8), ((2, 2), 0), ((2, 3), '3'), ((3, 0), '4'), ((3, 1), 5), ((3, 2), 7), ((3, 3), 0)]
Bellman-Ford timing: 0.00358
Floyd-Warshall timing: 0.00032999999999999696

[((0, 0), 0), ((0, 1), 1), ((0, 2), 3), ((0, 3), 6), ((1, 0), 9), ((1, 1), 0), ((1, 2), 2), ((1, 3), 5), ((2, 0), 7), ((2, 1), 8), ((2, 2), 0), ((2, 3), 3), ((3, 0), 4), ((3, 1), 5), ((3, 2), 7), ((3, 3), 0)]
[((0, 0), 0), ((0, 1), '1'), ((0, 2), 3), ((0, 3), 6), ((1, 0), 9), ((1, 1), 0), ((1, 2), '2'), ((1, 3), 5), ((2, 0), 7), ((2, 1), 8), ((2, 2), 0), ((2, 3), '3'), ((3, 0), '4'), ((3, 1), 5), ((3, 2), 7), ((3, 3), 0)]
Bellman-Ford timing: 0.0035079999999999972
Floyd-Warshall timing: 0.00032600000000000684

[((0, 0), 0), ((0, 1), 1), ((0, 2), 3), ((0, 3), 6), ((1, 0), 9), ((1, 1), 0), ((1, 2), 2), ((1, 3), 5), ((2, 0), 7), ((2, 1), 8), ((2, 2), 0), ((2, 3), 3), ((3, 0), 4), ((3, 1), 5), ((3, 2), 7), ((3, 3), 0)]
[((0, 0), 0), ((0, 1), '1'), ((0, 2), 3), ((0, 3), 6), ((1, 0), 9), ((1, 1), 0), ((1, 2), '2'), ((1, 3), 5), ((2, 0), 7), ((2, 1), 8), ((2, 2), 0), ((2, 3), '3'), ((3, 0), '4'), ((3, 1), 5), ((3, 2), 7), ((3, 3), 0)]
Bellman-Ford timing: 0.003740000000000007
Floyd-Warshall timing: 0.0003160000000000107

[((0, 0), 0), ((0, 1), 1), ((0, 2), 3), ((0, 3), 6), ((1, 0), 9), ((1, 1), 0), ((1, 2), 2), ((1, 3), 5), ((2, 0), 7), ((2, 1), 8), ((2, 2), 0), ((2, 3), 3), ((3, 0), 4), ((3, 1), 5), ((3, 2), 7), ((3, 3), 0)]
[((0, 0), 0), ((0, 1), '1'), ((0, 2), 3), ((0, 3), 6), ((1, 0), 9), ((1, 1), 0), ((1, 2), '2'), ((1, 3), 5), ((2, 0), 7), ((2, 1), 8), ((2, 2), 0), ((2, 3), '3'), ((3, 0), '4'), ((3, 1), 5), ((3, 2), 7), ((3, 3), 0)]
Bellman-Ford timing: 0.0034420000000000076
Floyd-Warshall timing: 0.0003180000000000127

[((0, 0), 0), ((0, 1), 1), ((0, 2), 3), ((0, 3), 6), ((1, 0), 9), ((1, 1), 0), ((1, 2), 2), ((1, 3), 5), ((2, 0), 7), ((2, 1), 8), ((2, 2), 0), ((2, 3), 3), ((3, 0), 4), ((3, 1), 5), ((3, 2), 7), ((3, 3), 0)]
[((0, 0), 0), ((0, 1), '1'), ((0, 2), 3), ((0, 3), 6), ((1, 0), 9), ((1, 1), 0), ((1, 2), '2'), ((1, 3), 5), ((2, 0), 7), ((2, 1), 8), ((2, 2), 0), ((2, 3), '3'), ((3, 0), '4'), ((3, 1), 5), ((3, 2), 7), ((3, 3), 0)]
Bellman-Ford timing: 0.0034050000000000052
Floyd-Warshall timing: 0.0003170000000000117

[((0, 0), 0), ((0, 1), 1), ((0, 2), 3), ((0, 3), 6), ((1, 0), 9), ((1, 1), 0), ((1, 2), 2), ((1, 3), 5), ((2, 0), 7), ((2, 1), 8), ((2, 2), 0), ((2, 3), 3), ((3, 0), 4), ((3, 1), 5), ((3, 2), 7), ((3, 3), 0)]
[((0, 0), 0), ((0, 1), '1'), ((0, 2), 3), ((0, 3), 6), ((1, 0), 9), ((1, 1), 0), ((1, 2), '2'), ((1, 3), 5), ((2, 0), 7), ((2, 1), 8), ((2, 2), 0), ((2, 3), '3'), ((3, 0), '4'), ((3, 1), 5), ((3, 2), 7), ((3, 3), 0)]
Bellman-Ford timing: 0.003168999999999998
Floyd-Warshall timing: 0.0005499999999999949

[((0, 0), 0), ((0, 1), 1), ((0, 2), 3), ((0, 3), 6), ((1, 0), 9), ((1, 1), 0), ((1, 2), 2), ((1, 3), 5), ((2, 0), 7), ((2, 1), 8), ((2, 2), 0), ((2, 3), 3), ((3, 0), 4), ((3, 1), 5), ((3, 2), 7), ((3, 3), 0)]
[((0, 0), 0), ((0, 1), '1'), ((0, 2), 3), ((0, 3), 6), ((1, 0), 9), ((1, 1), 0), ((1, 2), '2'), ((1, 3), 5), ((2, 0), 7), ((2, 1), 8), ((2, 2), 0), ((2, 3), '3'), ((3, 0), '4'), ((3, 1), 5), ((3, 2), 7), ((3, 3), 0)]
Bellman-Ford timing: 0.003493999999999997
Floyd-Warshall timing: 0.00036699999999999233

[((0, 0), 0), ((0, 1), 1), ((0, 2), 3), ((0, 3), 6), ((1, 0), 9), ((1, 1), 0), ((1, 2), 2), ((1, 3), 5), ((2, 0), 7), ((2, 1), 8), ((2, 2), 0), ((2, 3), 3), ((3, 0), 4), ((3, 1), 5), ((3, 2), 7), ((3, 3), 0)]
[((0, 0), 0), ((0, 1), '1'), ((0, 2), 3), ((0, 3), 6), ((1, 0), 9), ((1, 1), 0), ((1, 2), '2'), ((1, 3), 5), ((2, 0), 7), ((2, 1), 8), ((2, 2), 0), ((2, 3), '3'), ((3, 0), '4'), ((3, 1), 5), ((3, 2), 7), ((3, 3), 0)]
Bellman-Ford timing: 0.0032929999999999973
Floyd-Warshall timing: 0.00032200000000000284

